| # | team | lambdaman1 | lambdaman2 | lambdaman3 | lambdaman4 | lambdaman5 | lambdaman6 | lambdaman7 | lambdaman8 | lambdaman9 | lambdaman10 | lambdaman11 | lambdaman12 | lambdaman13 | lambdaman14 | lambdaman15 | lambdaman16 | lambdaman17 | lambdaman18 | lambdaman19 | lambdaman20 | lambdaman21 |
| --- | --- | --- | --- | --- | --- | --- | --- | --- | --- | --- | --- | --- | --- | --- | --- | --- | --- | --- | --- | --- | --- | --- |
| 1 | Purely Functional Networks | 1 | 1 | 1 | 2 | 2 | 1 | 1 | 11 | 1 | 14 | 2 | 2 | 2 | 2 | 2 | 1 | 12 | 15 | 1 | 13 | 16 |
| 2 | RGBTeam | 1 | 1 | 1 | 4 | 2 | 1 | 4 | 8 | 3 | 11 | 4 | 4 | 4 | 4 | 4 | 2 | 14 | 13 | 13 | 12 | 14 |
| 3 | Unagi | 1 | 1 | 1 | 8 | 2 | 1 | 8 | 26 | 23 | 7 | 6 | 5 | 6 | 6 | 5 | 9 | 4 | 2 | 8 | 2 | 6 |
| 4 | powder | 1 | 1 | 1 | 7 | 26 | 1 | 11 | 4 | 3 | 4 | 9 | 8 | 9 | 10 | 8 | 8 | 10 | 9 | 9 | 8 | 11 |
| 5 | manarimo | 1 | 1 | 1 | 10 | 24 | 16 | 16 | 20 | 1 | 6 | 8 | 7 | 8 | 8 | 7 | 6 | 18 | 16 | 7 | 16 | 5 |
| 6 | DiamondPrincess | 1 | 1 | 1 | 9 | 2 | 1 | 9 | 27 | 34 | 9 | 7 | 6 | 7 | 7 | 6 | 10 | 6 | 5 | 13 | 4 | 8 |
| 7 | ??? | 1 | 1 | 1 | 12 | 2 | 31 | 7 | 17 | 22 | 7 | 12 | 11 | 12 | 12 | 11 | 13 | 3 | 3 | 10 | 3 | 10 |
| 8 | B$ L$ B$ v$ v$ L$ B$ v$ v$ | 1 | 1 | 1 | 5 | 49 | 14 | 5 | 13 | 15 | 3 | 13 | 14 | 15 | 15 | 13 | 14 | 9 | 8 | 4 | 7 | 1 |
| 9 | Heuristic Artis | 1 | 1 | 1 | 18 | 2 | 1 | 13 | 8 | 10 | 23 | 10 | 9 | 10 | 9 | 9 | 11 | 5 | 4 | 5 | 5 | 43 |
| 10 | Spica | 1 | 1 | 1 | 15 | 2 | 21 | 10 | 10 | 11 | 16 | 16 | 16 | 17 | 16 | 16 | 4 | 11 | 11 | 3 | 11 | 13 |
| 11 | Snakes, Monkeys, and Two Smoking Lambdas | 1 | 1 | 1 | 13 | 26 | 1 | 19 | 4 | 3 | 20 | 14 | 12 | 14 | 13 | 12 | 5 | 17 | 17 | 11 | 17 | 18 |
| 12 | Raging Mushrooms | 1 | 1 | 1 | 22 | 86 | 48 | 16 | 22 | 27 | 12 | 11 | 10 | 11 | 11 | 10 | 20 | 7 | 6 | 18 | 15 | 3 |
| 13 | The Cat is #1!! | 1 | 1 | 1 | 17 | 63 | 37 | 12 | 33 | 35 | 13 | 15 | 15 | 16 | 17 | 15 | 17 | 8 | 7 | 15 | 6 | 9 |
| 14 | Bottle kids! | 1 | 1 | 1 | 14 | 57 | 58 | 14 | 31 | 32 | 15 | 19 | 19 | 20 | 21 | 19 | 14 | 15 | 12 | 11 | 10 | 24 |
| 15 | The Blind Hen | 1 | 1 | 1 | 24 | 67 | 37 | 21 | 34 | 37 | 18 | 18 | 18 | 19 | 19 | 18 | 19 | 13 | 10 | 17 | 9 | 7 |
| 16 | Frictionless Bananas | 1 | 1 | 1 | 1 | 1 | 17 | 2 | 1 | 13 | 1 | 3 | 3 | 3 | 3 | 3 | 3 | 1 |  | 2 | 1 |  |
| 17 | Pigimarl | 1 | 1 | 1 | 51 | 38 | 18 | 114 | 19 | 26 | 5 | 1 | 1 | 1 | 1 | 1 | 7 | 2 | 1 | 81 | 84 | 42 |
| 18 | udfew | 1 | 1 | 1 | 16 | 66 | 36 | 18 | 31 | 32 | 10 | 76 | 13 | 13 | 14 | 13 | 14 | 76 | 18 | 24 | 64 | 21 |
| 19 | code-o-matic | 1 | 1 | 1 | 25 | 107 | 91 | 22 | 40 | 41 | 21 | 20 | 20 | 21 | 20 | 20 | 24 | 19 | 19 | 19 | 18 | 39 |
| 20 | LogicLynx | 1 | 1 | 1 | 26 | 2 | 1 | 25 | 14 | 20 | 28 | 35 | 35 | 36 | 24 | 35 | 26 | 22 | 24 | 27 | 26 | 28 |
| 21 | Zebra Infused Hamsters | 1 | 1 | 1 | 26 | 2 | 59 | 39 | 24 | 30 | 55 | 22 | 22 | 23 | 23 | 22 | 25 | 25 | 41 | 21 | 71 | 4 |
| 22 | Lama | 1 | 1 | 1 | 19 | 61 | 1 | 14 | 6 | 11 |  | 21 | 21 | 22 | 22 | 21 | 21 | 16 | 14 | 20 | 14 |  |
| 23 | chirijako | 1 | 1 | 1 | 49 | 37 | 32 | 68 | 25 | 29 | 19 | 37 | 37 | 38 | 86 | 86 | 91 | 24 | 27 | 71 | 22 | 2 |
| 24 | TSG | 1 | 1 | 1 | 6 | 107 | 18 | 105 | 29 | 78 | 60 | 5 | 65 | 5 | 5 | 23 | 12 | 81 | 76 | 23 | 74 | 19 |
| 25 | tomerun | 1 | 1 | 1 | 51 | 2 | 1 | 26 | 42 | 3 | 31 | 52 | 40 | 62 | 61 | 41 | 26 | 35 | 29 | 27 | 27 | 24 |
| 26 | Olympia | 1 | 1 | 1 | 26 | 2 | 59 | 30 | 42 | 42 | 22 | 36 | 36 | 37 | 36 | 36 | 26 | 27 | 65 | 27 | 62 | 35 |
| 27 | pegovka | 1 | 1 | 124 | 69 | 79 | 51 | 54 | 28 | 38 | 35 | 61 | 40 | 62 | 40 | 61 | 26 | 30 | 28 | 22 | 28 | 17 |
| 28 | LILiK | 1 | 1 | 1 | 26 | 2 | 29 | 32 | 36 | 69 | 44 | 39 | 38 | 39 | 38 | 37 | 26 | 36 | 45 | 27 | 37 |  |
| 29 | topcoder_is_dead | 1 | 1 | 1 | 26 | 2 | 59 | 23 | 42 | 42 | 26 | 23 | 23 | 24 | 24 | 23 | 26 | 21 | 20 | 27 | 19 |  |
| 30 | kamirulez! | 1 | 1 | 1 | 26 | 41 | 59 | 31 | 42 | 42 | 53 | 23 | 23 | 24 | 24 | 23 | 26 | 69 | 66 | 27 | 63 | 37 |
| 31 | Cult of the Bound Variable | 1 | 1 | 1 | 11 | 70 | 14 | 6 | 18 | 25 | 25 | 61 | 40 | 80 | 61 | 41 | 26 | 39 | 30 | 27 | 33 |  |
| 32 | piggyhack | 1 | 1 | 1 | 26 | 2 | 1 | 28 | 42 | 9 | 24 | 61 | 40 | 62 | 40 | 61 | 26 | 23 | 25 | 27 | 23 |  |
| 33 | TBD | 1 | 1 | 1 | 69 | 88 | 21 | 90 | 7 | 16 | 38 | 61 | 40 | 62 | 40 | 61 | 26 | 57 | 59 | 27 | 57 | 30 |
| 34 | Channable & Friends | 1 | 1 | 1 | 26 | 26 | 27 | 42 | 42 | 42 | 37 | 76 | 65 | 45 | 61 | 75 | 26 | 44 | 50 | 27 | 44 | 12 |
| 35 | ?? ???? | 1 | 1 | 1 | 69 | 48 | 59 | 32 | 42 | 42 | 34 | 61 | 40 | 62 | 40 | 61 | 26 | 28 | 26 | 27 | 28 | 23 |
| 36 | sonna*baka*na | 1 | 1 | 1 | 51 | 2 | 48 | 67 | 113 | 24 | 59 | 54 | 40 | 40 | 61 | 41 | 99 | 72 | 72 | 27 | 69 | 36 |
| 37 | Team Sampou | 1 | 1 | 1 | 106 | 26 | 56 | 58 | 42 | 42 | 32 | 76 | 65 | 45 | 40 | 49 | 26 | 52 | 37 | 27 | 32 | 22 |
| 38 | Jumbo Chicken | 1 | 155 | 121 | 69 | 53 | 21 | 76 | 42 | 63 | 42 | 61 | 40 | 54 | 40 | 61 | 26 | 47 | 53 | 27 | 46 | 27 |
| 39 | pointless | 1 | 1 | 145 | 26 | 100 | 59 | 103 | 42 | 42 | 52 | 23 | 23 | 24 | 24 | 23 | 26 | 77 | 74 | 27 | 73 | 38 |
| 40 | wheezards | 1 | 1 | 1 | 80 | 89 | 33 | 85 | 113 | 63 | 43 | 74 | 62 | 73 | 60 | 74 | 91 | 33 | 44 | 71 | 38 | 29 |
| 41 | jabber.ru | 1 | 162 | 129 | 91 | 67 | 59 | 53 | 42 | 42 | 36 | 41 | 65 | 74 | 40 | 49 | 26 | 33 | 40 | 27 | 36 | 24 |
| 42 | codingteam | 1 | 1 | 1 | 21 | 96 | 51 | 20 | 35 | 36 | 17 | 17 | 17 | 18 | 18 | 17 | 18 |  |  | 16 |  |  |
| 43 | brbrbrbrfr | 1 | 1 | 116 | 90 | 106 | 37 | 102 | 15 | 21 | 45 | 85 | 64 | 84 | 85 | 60 | 105 | 73 | 69 | 77 | 72 | 34 |
| 44 | kumanomi | 1 | 1 | 1 | 26 | 53 | 59 | 98 | 42 | 76 | 58 | 23 | 23 | 24 | 24 | 23 | 26 | 65 | 67 | 27 | 67 |  |
| 45 | A Storm of Minds | 1 | 1 | 1 | 51 | 128 | 57 | 51 | 38 | 40 | 33 | 107 | 99 | 99 | 98 | 99 | 26 | 61 | 46 | 89 | 53 | 20 |
| 46 | negainoido | 1 | 1 | 1 | 115 | 110 | 92 | 109 | 41 | 31 | 50 | 86 | 84 | 85 | 79 | 81 | 22 | 83 | 80 | 6 | 79 | 15 |
| 47 | sjoerd_visscher | 1 | 1 | 124 | 82 | 84 | 59 | 87 | 42 | 71 | 48 | 54 | 65 | 56 | 40 | 61 | 26 | 59 | 62 | 27 | 55 | 33 |
| 48 | lambda-llama | 1 | 1 | 110 | 66 | 93 | 59 | 44 | 42 | 42 | 40 | 41 | 40 | 56 | 40 | 61 | 26 | 53 | 42 | 27 | 48 |  |
| 49 | Perpetuum Mobile | 1 | 1 | 1 | 69 | 99 | 59 | 95 | 42 | 73 | 56 | 40 | 39 | 45 | 37 | 38 | 26 | 71 | 71 | 26 | 65 |  |
| 50 | hikkash | 1 | 1 | 1 | 63 | 96 | 24 | 74 | 42 | 42 | 41 | 76 | 65 | 45 | 61 | 75 | 26 | 44 | 50 | 27 | 44 |  |
| 50 | hirosegolf | 1 | 1 | 1 | 26 | 2 | 59 | 34 | 123 | 80 | 61 | 86 | 84 | 85 | 79 | 81 | 99 | 83 | 80 | 78 | 79 | 39 |
| 52 | yorofuwa | 1 | 1 | 1 | 115 | 110 | 33 | 109 | 39 | 67 | 61 | 86 | 84 | 85 | 79 | 81 | 99 | 83 | 80 | 25 | 79 | 31 |
| 53 | ilikerice | 1 | 1 | 1 | 83 | 107 | 59 | 106 | 42 | 79 | 61 | 52 | 40 | 62 | 61 | 41 | 26 | 82 | 77 | 27 | 76 | 39 |
| 54 | toomer | 1 | 1 | 1 | 20 | 57 | 59 | 89 | 42 | 72 | 49 | 98 | 93 | 94 | 91 | 91 | 26 | 89 | 85 | 96 | 86 | 44 |
| 55 | locally constant | 1 | 1 | 1 | 65 | 2 | 24 | 62 | 30 |  |  | 41 | 65 | 74 | 61 | 61 | 26 | 41 | 32 | 27 | 24 |  |
| 56 | Lamda Quakens | 1 | 162 | 136 | 91 | 79 | 37 | 69 | 42 | 63 | 46 | 96 | 92 | 93 | 90 | 90 | 97 | 70 | 64 | 83 | 61 | 32 |
| 57 | igusarov | 1 | 1 | 1 | 56 | 45 |  | 49 | 42 |  |  | 23 | 32 | 24 | 33 | 32 | 26 | 26 | 22 | 27 | 20 |  |
| **58** | **uguu.org** | **1** | **1** | **1** | **56** | **45** | **** | **45** | **42** | **** | **** | **23** | **32** | **24** | **33** | **32** | **26** | **29** | **23** | **27** | **21** | **** |
| 59 | tipstar0125 | 1 | 1 | 1 | 47 | 24 |  | 23 | 113 |  |  | 32 | 30 | 35 | 31 | 31 | 91 | 20 | 21 | 71 | 89 |  |
| 60 | Gon The Fox | 1 | 1 | 1 | 69 | 100 | 59 | 97 | 42 | 42 | 54 | 61 | 40 | 62 | 40 | 61 | 26 | 80 | 70 | 27 | 70 |  |
| 61 | mipt.lambda | 1 | 148 | 110 | 47 | 59 |  | 38 | 113 |  |  | 32 | 30 | 33 | 31 | 30 | 91 | 42 | 33 | 71 | 25 |  |
| 62 | Dare Ludum | 1 | 1 | 1 | 91 | 104 | 59 | 96 | 42 | 74 | 57 | 41 | 65 | 74 | 40 | 49 | 26 | 77 | 75 | 27 | 66 |  |
| 63 | Pi | 201 | 1 | 113 | 106 | 51 | 59 | 106 | 42 | 42 | 51 | 61 | 40 | 62 | 61 | 61 | 26 | 74 | 77 | 27 | 76 |  |
| 64 | tsickle | 1 | 162 | 141 | 69 | 75 | 59 | 83 | 42 | 42 |  | 61 | 65 | 62 | 40 | 49 | 26 | 32 | 39 | 27 | 43 |  |
| 65 | Gobelet | 1 | 155 | 146 | 106 | 104 | 59 | 100 | 42 | 42 | 39 | 76 | 65 | 45 | 61 | 75 | 26 | 77 | 73 | 27 | 75 |  |
| 66 | Maximum | 1 | 1 | 1 | 56 | 47 |  | 82 | 113 |  |  | 32 | 34 | 33 | 35 | 34 | 91 | 43 | 63 | 71 | 51 |  |
| 67 | THIRTEEN | 187 | 162 | 152 | 131 | 129 | 54 | 76 | 37 | 39 | 29 | 101 | 97 | 97 | 95 | 97 | 26 | 67 | 57 | 86 | 59 |  |
| 68 | radeye | 1 | 1 | 1 | 26 | 53 |  | 98 | 42 |  |  | 23 | 23 | 24 | 24 | 23 | 26 | 65 | 67 | 27 | 67 |  |
| 68 | cw | 1 | 1 | 129 | 91 | 70 | 90 | 79 | 42 | 66 |  | 76 | 65 | 45 | 61 | 75 | 97 | 44 | 50 | 27 | 47 |  |
| 70 | TCPC | 1 | 1 | 1 | 26 | 2 |  | 86 | 42 |  |  | 54 | 40 | 45 | 39 | 38 | 26 | 56 | 56 | 27 | 50 |  |
| 71 | 46 TiB | 1 | 1 | 1 | 134 | 77 | 37 | 118 | 42 | 42 | 65 | 112 | 110 | 109 | 107 | 107 | 26 | 98 | 93 | 99 | 94 | 46 |
| 72 | **dysfunctional** | **piglets** | 1 | 1 | 121 | 127 | 60 | 59 | 119 | 42 | 76 | 64 | 108 | 104 | 104 | 102 | 103 | 26 | 92 | 90 | 93 | 91 | 45 |
| 73 | 0A | 1 | 158 | 152 | 128 | 117 | 59 | 93 | 42 | 42 | 27 | 105 | 103 | 100 | 100 | 95 | 26 | 55 | 54 | 89 | 39 |  |
| 74 | Team Meh | 201 | 162 | 141 | 91 | 79 | 59 | 69 | 42 |  |  | 41 | 65 | 56 | 40 | 49 | 26 | 50 | 47 | 27 | 40 |  |
| 75 | ??? | 1 | 1 | 1 | 106 | 2 |  | 58 | 42 |  | 29 | 100 | 95 | 96 | 93 | 92 | 26 | 64 | 55 | 85 | 54 |  |
| 76 | undercut | 1 | 155 | 127 | 106 | 89 |  | 50 | 42 |  |  | 54 | 65 | 40 | 40 | 49 | 26 | 38 | 34 | 27 | 30 |  |
| 77 | gaha | 1 | 1 | 1 | 83 | 84 |  | 84 | 42 |  |  | 54 | 40 | 40 | 61 | 41 | 26 | 58 | 49 | 27 | 52 |  |
| 78 | R22b | 1 | 162 | 129 | 91 | 67 |  | 46 | 42 |  |  | 41 | 65 | 74 | 40 | 49 | 26 | 37 | 38 | 27 | 34 |  |
| 79 | OpenMasters | 1 | 176 | 118 | 83 | 77 |  | 66 | 121 |  |  | 61 | 40 | 80 | 61 | 41 | 99 | 40 | 30 | 27 | 30 |  |
| 80 | Forthissimo | 1 | 1 | 1 | 83 | 93 |  | 79 | 113 |  |  | 74 | 62 | 54 | 79 | 49 | 91 | 62 | 36 | 71 | 42 |  |
| 81 | glua.team | 201 | 162 | 136 | 91 | 93 |  | 74 | 42 |  |  | 41 | 40 | 56 | 40 | 61 | 26 | 53 | 42 | 27 | 48 |  |
| 82 | taxidriver | 1 | 1 | 141 | 106 | 92 | 59 | 58 | 42 |  |  | 76 | 65 | 80 | 40 | 49 | 26 | 48 | 35 |  | 35 |  |
| 83 | Side Effects May Include... | 1 | 148 | 1 | 91 | 117 | 37 | 46 | 42 | 42 |  | 41 | 99 | 74 | 98 | 99 | 26 | 97 | 95 | 89 |  |  |
| 84 | sh | 1 | 158 | 156 | 135 | 131 | 59 | 116 | 42 | 42 | 47 | 111 | 108 | 108 | 106 | 106 | 26 | 93 | 87 | 97 | 87 |  |
| 85 | Pi | 1 | 1 | 113 | 106 | 51 |  | 106 | 42 |  |  | 61 | 40 | 62 | 61 | 61 | 26 | 74 | 77 | 27 | 76 |  |
| 86 | OMGICFPFTW | 1 | 1 | 1 | 123 | 61 |  | 56 | 42 |  |  | 104 | 96 | 102 | 97 | 96 | 26 | 60 | 60 | 88 | 56 |  |
| 87 | shinh | 1 | 162 |  | 91 |  |  | 69 | 42 |  |  | 41 | 65 | 56 | 40 | 49 | 26 | 50 | 47 | 27 | 40 |  |
| 88 | Kirby's Star Allies | 1 | 1 | 1 | 121 | 44 |  | 94 | 42 |  |  | 97 | 94 | 95 | 92 | 101 | 26 | 90 | 88 | 98 | 90 |  |
| 89 | Drmk | 1 | 1 | 1 | 131 | 129 |  | 76 | 42 |  |  | 101 | 97 | 97 | 95 | 97 | 26 | 67 | 57 | 86 | 59 |  |
| 90 | Ateam | 1 | 1 | 1 | 137 | 134 | 88 | 123 | 127 | 81 |  | 113 | 109 | 110 | 108 | 108 | 106 | 100 | 94 | 101 | 95 |  |
| 91 | just_me | 1 | 162 | 148 | 126 | 120 |  | 69 | 42 |  |  | 106 | 102 | 103 | 101 | 94 | 26 | 63 | 61 | 92 | 58 |  |
| 92 | xfold | 1 | 1 | 1 | 105 | 75 |  | 65 | 42 |  |  | 94 | 91 | 92 | 89 | 89 |  | 95 | 89 | 95 | 88 |  |
| 93 | Ty chyo pyos? | 187 | 158 | 159 | 136 | 127 | 59 | 124 | 42 | 74 | 66 | 110 | 107 | 107 | 105 | 105 | 26 | 99 |  | 94 |  |  |
| 94 | uneu.net | 1 | 176 | 151 | 120 | 115 |  | 113 | 126 |  |  | 91 | 88 | 89 | 84 | 85 | 104 | 87 | 84 | 80 | 83 |  |
| 95 | goto11 | 1 | 1 | 1 | 124 | 119 |  | 120 | 42 |  |  | 99 | 105 | 105 | 103 | 102 | 26 | 96 | 91 | 84 | 92 |  |
| 96 | Rogue Operations | 1 | 1 | 1 | 69 | 79 |  | 55 | 42 |  |  | 54 | 40 | 74 | 61 | 61 | 26 | 49 |  |  |  |  |
| 97 | cipher | 205 | 180 | 158 | 122 | 123 |  | 117 | 123 |  |  | 93 | 90 | 91 | 88 | 88 | 99 | 88 | 86 | 82 | 85 |  |
| 98 | mj | 1 | 162 | 155 | 133 | 121 |  | 92 | 42 |  |  | 109 | 106 | 106 | 104 | 104 | 26 | 91 | 92 | 100 | 93 |  |
| 99 | Lyrical Tokarev | 187 | 1 | 1 | 115 | 110 |  | 109 |  |  |  | 86 | 84 | 85 | 79 | 81 |  | 83 | 80 | 78 | 79 |  |
| 100 | killswitch | 1 | 1 | 1 | 106 | 133 | 59 | 126 | 42 | 42 |  | 76 | 65 | 62 | 61 | 75 | 26 |  |  |  |  |  |
| 101 | sushi-gakushi | 1 | 1 | 1 | 26 | 124 |  | 121 | 42 |  |  | 61 | 40 | 80 | 61 | 41 | 26 | 94 |  |  |  |  |
| 102 | LoneBot | 187 | 1 | 1 | 83 |  |  | 58 | 42 |  |  | 54 | 40 | 40 | 61 | 41 | 26 |  |  | 27 |  |  |
| 103 | Sayang <3 | 1 | 1 | 113 | 26 | 70 | 51 | 79 | 42 |  |  | 23 | 23 | 24 |  |  |  |  |  | 27 |  |  |
| 104 | Leaf Pie | 1 | 1 | 1 | 23 | 26 | 1 | 39 | 2 | 3 |  |  |  |  |  |  | 23 |  |  |  |  |  |
| 105 | hayato | 1 | 1 |  | 26 |  |  |  | 42 |  |  | 23 | 23 | 24 | 24 | 23 | 26 |  |  | 27 |  |  |
| 106 | Pseudo  | 1 | 1 | 1 | 69 | 64 |  | 91 | 42 |  |  | 41 | 40 | 40 | 40 | 40 |  |  |  |  |  |  |
| 107 | O Caml My Caml | 1 | 1 | 136 | 106 | 98 |  | 56 | 42 |  |  | 76 | 65 | 45 | 61 | 75 | 26 |  |  |  |  |  |
| 108 | Sunspear | 1 | 1 | 141 | 91 | 79 |  | 69 | 42 |  |  | 41 | 65 | 56 | 40 | 49 |  |  |  |  |  |  |
| 109 | Panicked Albatross | 1 | 1 | 161 | 3 | 38 | 33 | 3 |  | 18 | 2 |  |  |  |  |  |  |  |  |  |  |  |
| 110 | cashto | 1 | 148 | 1 | 81 | 26 | 29 | 39 | 23 | 28 |  |  |  |  |  |  |  |  |  |  |  |  |
| 111 | Turing Machinists | 1 | 1 |  | 63 |  |  |  | 42 |  |  | 92 | 89 | 90 | 87 | 87 | 26 |  |  | 27 |  |  |
| 112 | Slow | 1 | 162 | 127 | 125 |  |  | 48 | 42 |  |  | 103 | 101 | 101 | 94 | 93 | 26 |  |  |  |  |  |
| 113 | tmd | 1 | 1 | 1 | 26 | 26 |  | 27 | 42 |  |  | 38 |  |  |  |  |  | 31 |  |  |  |  |
| 114 | Pech1 | 1 | 1 | 1 | 26 | 2 | 37 | 34 | 42 |  |  | 95 |  |  |  |  |  |  |  |  |  |  |
| 115 | pandaT | 1 | 1 | 136 | 83 | 103 |  | 101 | 42 |  |  | 61 | 40 | 45 |  |  |  |  |  |  |  |  |
| 116 | Prof Prog | 1 | 1 | 1 |  | 2 | 1 |  | 2 | 3 |  |  |  |  |  |  |  |  |  |  |  |  |
| 117 | irori | 1 | 1 | 1 | 68 | 65 | 59 | 88 | 42 | 42 |  |  |  |  |  |  |  |  |  |  |  |  |
| 118 | KMC | 1 | 1 | 148 | 115 | 110 | 20 | 109 | 123 |  |  | 86 |  |  |  |  |  |  |  |  |  |  |
| 119 | keles | 1 | 1 | 1 | 26 | 26 |  | 37 | 42 |  |  |  |  |  |  |  |  |  |  |  |  |  |
| 120 | jm | 1 | 1 | 1 |  |  | 26 |  | 11 | 14 |  |  |  |  |  |  |  |  |  |  |  |  |
| 121 | UA_paiv | 1 | 1 | 1 | 141 | 137 | 37 | 127 | 21 |  |  |  |  |  |  |  |  |  |  |  |  |  |
| 122 | 910z | 1 | 1 | 1 |  |  | 54 |  | 15 | 19 |  |  |  |  |  |  |  |  |  |  |  |  |
| 123 | shim0 | 1 | 184 | 164 | 143 | 138 | 93 | 130 |  | 82 | 67 |  |  |  |  |  |  |  |  |  |  |  |
| 124 | GrinGene | 1 | 1 | 1 | 56 | 26 |  | 34 |  |  |  |  |  |  |  |  |  |  |  |  |  |  |
| 125 | peterm | 187 | 1 | 1 | 83 | 86 |  | 51 | 42 |  |  |  |  |  |  |  |  |  |  |  |  |  |
| 126 | Dr0ne | 1 | 1 | 1 | 66 | 50 |  | 29 |  |  |  |  |  |  |  |  |  |  |  |  |  |  |
| 127 | Apprentice | 1 | 1 | 1 | 91 | 38 |  | 43 |  |  |  |  |  |  |  |  |  |  |  |  |  |  |
| 128 | UnlikelyToSucceed | 1 | 161 | 147 | 50 | 116 |  | 115 | 42 |  |  |  |  |  |  |  |  |  |  |  |  |  |
| 129 | sanma | 1 | 1 | 129 | 69 | 70 |  | 62 |  |  |  |  |  |  |  |  |  |  |  |  |  |  |
| 130 | Croco (discord&twitter must die) | 1 | 1 | 112 |  |  | 27 |  |  | 17 |  |  |  |  |  |  |  |  |  |  |  |  |
| 131 | Waterloo Napoleons | 1 | 162 | 129 | 91 | 70 |  | 62 |  |  |  |  |  |  |  |  |  |  |  |  |  |  |
| 132 | nesinboh | 1 | 1 | 1 | 51 | 26 |  |  |  |  |  |  |  |  |  |  |  |  |  |  |  |  |
| 133 | WILD BASHKORT MAGES | 1 | 1 | 1 | 26 | 53 |  |  |  |  |  |  |  |  |  |  |  |  |  |  |  |  |
| 134 | Cup<T> | 1 |  |  |  |  | 59 |  | 42 | 70 |  |  |  |  |  |  | 26 |  |  |  |  |  |
| 135 | Nixie Tubes | 1 | 1 | 1 | 56 | 43 |  |  |  |  |  |  |  |  |  |  |  |  |  |  |  |  |
| 136 | lambdametal | 1 | 1 | 1 | 91 | 2 |  |  |  |  |  |  |  |  |  |  |  |  |  |  |  |  |
| 137 | Junkfood | 1 | 1 | 1 |  |  | 59 |  |  | 42 |  |  |  |  |  |  |  |  |  |  |  |  |
| 138 | Undecidable | 1 | 1 | 1 |  |  | 88 |  |  | 67 |  |  |  |  |  |  |  |  |  |  |  |  |
| 139 | masataka | 1 | 1 | 124 |  | 126 | 37 |  |  |  |  |  |  |  |  |  |  |  |  |  |  |  |
| 140 | Massive force to give up | 1 | 151 | 121 | 130 | 41 |  |  |  |  |  |  |  |  |  |  |  |  |  |  |  |  |
| 141 | naminoneiro | 1 | 1 | 140 | 69 | 89 |  |  |  |  |  |  |  |  |  |  |  |  |  |  |  |  |
| 142 | Lamb-duh | 206 | 183 | 162 | 138 | 135 |  | 125 | 122 |  |  |  |  |  |  |  |  |  |  |  |  |  |
| 143 | Rick Zapor | 1 | 1 | 1 |  | 26 |  |  |  |  |  |  |  |  |  |  |  |  |  |  |  |  |
| 144 | DavidB | 1 | 1 | 163 | 142 | 136 |  | 128 |  |  |  |  |  |  |  |  |  |  |  |  |  |  |
| 145 | yupiteru | 1 | 1 | 1 |  |  | 37 |  |  |  |  |  |  |  |  |  |  |  |  |  |  |  |
| 146 | idkjava | 1 | 1 | 1 |  |  | 50 |  |  |  |  |  |  |  |  |  |  |  |  |  |  |  |
| 147 | ;Unbound variable: teamname | 1 | 176 | 160 | 139 | 122 |  | 129 |  |  |  |  |  |  |  |  |  |  |  |  |  |  |
| 148 | Kaos | 1 | 1 | 118 | 26 |  |  |  |  |  |  |  |  |  |  |  |  |  |  |  |  |  |
| 149 | CamYarra | 1 | 162 | 129 |  |  |  | 104 | 42 |  |  |  |  |  |  |  |  |  |  |  |  |  |
| 150 | Mimir's k?lla | 1 | 1 | 1 | 56 |  |  |  |  |  |  |  |  |  |  |  |  |  |  |  |  |  |
| 151 | FCCPC | 187 | 162 | 129 | 91 | 102 |  |  |  |  |  |  |  |  |  |  |  |  |  |  |  |  |
| 152 | takus | 1 | 176 | 148 | 115 | 110 |  |  |  |  |  |  |  |  |  |  |  |  |  |  |  |  |
| 153 | zfhrp | 1 | 1 | 1 |  |  |  |  | 113 |  |  |  |  |  |  |  |  |  |  |  |  |  |
| 154 | Wrong Tool For The Job | 1 | 181 | 152 | 129 | 125 |  |  |  |  |  |  |  |  |  |  |  |  |  |  |  |  |
| 155 | C64 | 1 | 182 | 157 | 140 | 132 |  |  |  |  |  |  |  |  |  |  |  |  |  |  |  |  |
| 156 | PLRG :: Bristol | 1 | 1 |  | 56 |  |  |  |  |  |  |  |  |  |  |  |  |  |  |  |  |  |
| 157 | yowa | 1 | 1 | 1 |  |  |  |  |  |  |  |  |  |  |  |  |  |  |  |  |  |  |
| 157 | insert team name here | 1 | 1 | 1 |  |  |  |  |  |  |  |  |  |  |  |  |  |  |  |  |  |  |
| 157 | Tusan | 1 | 1 | 1 |  |  |  |  |  |  |  |  |  |  |  |  |  |  |  |  |  |  |
| 157 | ai | 1 | 1 | 1 |  |  |  |  |  |  |  |  |  |  |  |  |  |  |  |  |  |  |
| 157 | Intrepid Investigator | 1 |  |  |  |  | 37 |  |  |  |  |  |  |  |  |  |  |  |  |  |  |  |
| 157 | sash | 1 | 1 | 1 |  |  |  |  |  |  |  |  |  |  |  |  |  |  |  |  |  |  |
| 157 | Lexi | 1 | 1 | 1 |  |  |  |  |  |  |  |  |  |  |  |  |  |  |  |  |  |  |
| 157 | OxBox | 1 | 1 | 1 |  |  |  |  |  |  |  |  |  |  |  |  |  |  |  |  |  |  |
| 157 | Team Solo Mec | 1 | 1 | 1 |  |  |  |  |  |  |  |  |  |  |  |  |  |  |  |  |  |  |
| 157 | Distracted Corvids | 1 | 1 | 1 |  |  |  |  |  |  |  |  |  |  |  |  |  |  |  |  |  |  |
| 157 | Leg of Lambda | 1 | 1 | 1 |  |  |  |  |  |  |  |  |  |  |  |  |  |  |  |  |  |  |
| 168 | Dimetrodon | 1 | 1 | 118 |  |  |  |  |  |  |  |  |  |  |  |  |  |  |  |  |  |  |
| 169 | s1mahoeg | 187 | 1 | 1 |  |  |  |  |  |  |  |  |  |  |  |  |  |  |  |  |  |  |
| 170 | NasconDini | 204 | 154 | 116 |  |  |  |  |  |  |  |  |  |  |  |  |  |  |  |  |  |  |
| 171 | Sihl++ |  |  |  |  |  |  |  | 113 |  |  |  |  |  |  |  |  |  |  |  |  |  |
| 172 | I-M-X |  |  |  |  |  |  | 122 |  |  |  |  |  |  |  |  |  |  |  |  |  |  |
| 173 | NetworkNinjas | 1 | 1 |  |  |  |  |  |  |  |  |  |  |  |  |  |  |  |  |  |  |  |
| 173 | Affliction | 1 | 1 |  |  |  |  |  |  |  |  |  |  |  |  |  |  |  |  |  |  |  |
| 173 | Lambgaga | 1 | 1 |  |  |  |  |  |  |  |  |  |  |  |  |  |  |  |  |  |  |  |
| 173 | FunctionalPerls | 1 | 1 |  |  |  |  |  |  |  |  |  |  |  |  |  |  |  |  |  |  |  |
| 173 | skermes | 1 | 1 |  |  |  |  |  |  |  |  |  |  |  |  |  |  |  |  |  |  |  |
| 173 | ToastUz | 1 | 1 |  |  |  |  |  |  |  |  |  |  |  |  |  |  |  |  |  |  |  |
| 173 | unsatcore | 1 | 1 |  |  |  |  |  |  |  |  |  |  |  |  |  |  |  |  |  |  |  |
| 173 | Whoknows | 1 | 1 |  |  |  |  |  |  |  |  |  |  |  |  |  |  |  |  |  |  |  |
| 173 | almosthere | 1 | 1 |  |  |  |  |  |  |  |  |  |  |  |  |  |  |  |  |  |  |  |
| 173 | Dis Functional | 1 | 1 |  |  |  |  |  |  |  |  |  |  |  |  |  |  |  |  |  |  |  |
| 173 | Xeniac | 1 | 1 |  |  |  |  |  |  |  |  |  |  |  |  |  |  |  |  |  |  |  |
| 173 | Sigmoid Freud | 1 | 1 |  |  |  |  |  |  |  |  |  |  |  |  |  |  |  |  |  |  |  |
| 185 | corylopsis | 1 | 151 |  |  |  |  |  |  |  |  |  |  |  |  |  |  |  |  |  |  |  |
| 186 | unsafePerform.IO | 187 | 1 |  |  |  |  |  |  |  |  |  |  |  |  |  |  |  |  |  |  |  |
| 186 | fp[uk] | 187 | 1 |  |  |  |  |  |  |  |  |  |  |  |  |  |  |  |  |  |  |  |
| 188 | CoderMal | 199 | 153 |  |  |  |  |  |  |  |  |  |  |  |  |  |  |  |  |  |  |  |
| 189 | Pure Laziness (backup account) | 1 |  |  |  |  |  |  |  |  |  |  |  |  |  |  |  |  |  |  |  |  |
| 189 | the-bam | 1 |  |  |  |  |  |  |  |  |  |  |  |  |  |  |  |  |  |  |  |  |
| 189 | Serpens Viridis | 1 |  |  |  |  |  |  |  |  |  |  |  |  |  |  |  |  |  |  |  |  |
| 189 | help | 1 |  |  |  |  |  |  |  |  |  |  |  |  |  |  |  |  |  |  |  |  |
| 189 | SPAAACE | 1 |  |  |  |  |  |  |  |  |  |  |  |  |  |  |  |  |  |  |  |  |
| 189 | turbolent | 1 |  |  |  |  |  |  |  |  |  |  |  |  |  |  |  |  |  |  |  |  |
| 189 | poyo | 1 |  |  |  |  |  |  |  |  |  |  |  |  |  |  |  |  |  |  |  |  |
| 189 | FIRQ | 1 |  |  |  |  |  |  |  |  |  |  |  |  |  |  |  |  |  |  |  |  |
| 189 | Ground Truth | 1 |  |  |  |  |  |  |  |  |  |  |  |  |  |  |  |  |  |  |  |  |
| 189 | Human Instrumentality Project | 1 |  |  |  |  |  |  |  |  |  |  |  |  |  |  |  |  |  |  |  |  |
| 189 | Sumedh Girish | 1 |  |  |  |  |  |  |  |  |  |  |  |  |  |  |  |  |  |  |  |  |
| 189 | camel_case | 1 |  |  |  |  |  |  |  |  |  |  |  |  |  |  |  |  |  |  |  |  |
| 189 | N?rke Nation | 1 |  |  |  |  |  |  |  |  |  |  |  |  |  |  |  |  |  |  |  |  |
| 189 | Sabae no Applicative Functor | 1 |  |  |  |  |  |  |  |  |  |  |  |  |  |  |  |  |  |  |  |  |
| 189 | Pure Laziness | 1 |  |  |  |  |  |  |  |  |  |  |  |  |  |  |  |  |  |  |  |  |
| 189 | ShadySharingan | 1 |  |  |  |  |  |  |  |  |  |  |  |  |  |  |  |  |  |  |  |  |
| 205 | Codice Loco ( ?? ?? ??) | 187 |  |  |  |  |  |  |  |  |  |  |  |  |  |  |  |  |  |  |  |  |
| 205 | sbite0138 | 187 |  |  |  |  |  |  |  |  |  |  |  |  |  |  |  |  |  |  |  |  |
| 205 | Invisible Imp | 187 |  |  |  |  |  |  |  |  |  |  |  |  |  |  |  |  |  |  |  |  |
| 208 | monoid | 199 |  |  |  |  |  |  |  |  |  |  |  |  |  |  |  |  |  |  |  |  |
| 209 | DNIWE :: a | 206 |  |  |  |  |  |  |  |  |  |  |  |  |  |  |  |  |  |  |  |  |
| 210 | The Old Man and the C |  |  |  |  |  |  |  |  |  |  |  |  |  |  |  |  |  |  |  |  |  |
| 210 | Hollow Purple |  |  |  |  |  |  |  |  |  |  |  |  |  |  |  |  |  |  |  |  |  |
| 210 | D Yang |  |  |  |  |  |  |  |  |  |  |  |  |  |  |  |  |  |  |  |  |  |
| 210 | tratata |  |  |  |  |  |  |  |  |  |  |  |  |  |  |  |  |  |  |  |  |  |
| 210 | LLAMACHAIN |  |  |  |  |  |  |  |  |  |  |  |  |  |  |  |  |  |  |  |  |  |
| 210 | Luke & Hamish |  |  |  |  |  |  |  |  |  |  |  |  |  |  |  |  |  |  |  |  |  |
| 210 | null |  |  |  |  |  |  |  |  |  |  |  |  |  |  |  |  |  |  |  |  |  |
| 210 | F47 |  |  |  |  |  |  |  |  |  |  |  |  |  |  |  |  |  |  |  |  |  |
| 210 | quoc28 |  |  |  |  |  |  |  |  |  |  |  |  |  |  |  |  |  |  |  |  |  |
| 210 | maron8676 |  |  |  |  |  |  |  |  |  |  |  |  |  |  |  |  |  |  |  |  |  |
| 210 | Team AK |  |  |  |  |  |  |  |  |  |  |  |  |  |  |  |  |  |  |  |  |  |
| 210 | hustlers |  |  |  |  |  |  |  |  |  |  |  |  |  |  |  |  |  |  |  |  |  |
| 210 | SoloQueue |  |  |  |  |  |  |  |  |  |  |  |  |  |  |  |  |  |  |  |  |  |
| 210 | Fantastic 4 |  |  |  |  |  |  |  |  |  |  |  |  |  |  |  |  |  |  |  |  |  |
| 210 | Slasher |  |  |  |  |  |  |  |  |  |  |  |  |  |  |  |  |  |  |  |  |  |
| 210 | Dynamo |  |  |  |  |  |  |  |  |  |  |  |  |  |  |  |  |  |  |  |  |  |
| 210 | Codehunters |  |  |  |  |  |  |  |  |  |  |  |  |  |  |  |  |  |  |  |  |  |
| 210 | jonathanprogramming |  |  |  |  |  |  |  |  |  |  |  |  |  |  |  |  |  |  |  |  |  |
| 210 | DarkKnignt |  |  |  |  |  |  |  |  |  |  |  |  |  |  |  |  |  |  |  |  |  |
| 210 | plan arado |  |  |  |  |  |  |  |  |  |  |  |  |  |  |  |  |  |  |  |  |  |
| 210 | ateam |  |  |  |  |  |  |  |  |  |  |  |  |  |  |  |  |  |  |  |  |  |
| 210 | ateam |  |  |  |  |  |  |  |  |  |  |  |  |  |  |  |  |  |  |  |  |  |
| 210 | aaaa |  |  |  |  |  |  |  |  |  |  |  |  |  |  |  |  |  |  |  |  |  |
| 210 | GRARIO |  |  |  |  |  |  |  |  |  |  |  |  |  |  |  |  |  |  |  |  |  |
| 210 | Miracle |  |  |  |  |  |  |  |  |  |  |  |  |  |  |  |  |  |  |  |  |  |
| 210 | Want To Delete This Account |  |  |  |  |  |  |  |  |  |  |  |  |  |  |  |  |  |  |  |  |  |
| 210 | solo rank |  |  |  |  |  |  |  |  |  |  |  |  |  |  |  |  |  |  |  |  |  |
| 210 | ? |  |  |  |  |  |  |  |  |  |  |  |  |  |  |  |  |  |  |  |  |  |
| 210 | Lambda Collective |  |  |  |  |  |  |  |  |  |  |  |  |  |  |  |  |  |  |  |  |  |
| 210 | N0BML |  |  |  |  |  |  |  |  |  |  |  |  |  |  |  |  |  |  |  |  |  |
| 210 | V |  |  |  |  |  |  |  |  |  |  |  |  |  |  |  |  |  |  |  |  |  |
| 210 | Mosa Fett |  |  |  |  |  |  |  |  |  |  |  |  |  |  |  |  |  |  |  |  |  |
| 210 | ThinkWithGames |  |  |  |  |  |  |  |  |  |  |  |  |  |  |  |  |  |  |  |  |  |
| 210 | ? |  |  |  |  |  |  |  |  |  |  |  |  |  |  |  |  |  |  |  |  |  |
| 210 | InKryptz |  |  |  |  |  |  |  |  |  |  |  |  |  |  |  |  |  |  |  |  |  |
| 210 | swayingfish |  |  |  |  |  |  |  |  |  |  |  |  |  |  |  |  |  |  |  |  |  |
| 210 | One-Pass Gang |  |  |  |  |  |  |  |  |  |  |  |  |  |  |  |  |  |  |  |  |  |
| 210 | beginner |  |  |  |  |  |  |  |  |  |  |  |  |  |  |  |  |  |  |  |  |  |
| 210 | random_team |  |  |  |  |  |  |  |  |  |  |  |  |  |  |  |  |  |  |  |  |  |
| 210 | ToiToi |  |  |  |  |  |  |  |  |  |  |  |  |  |  |  |  |  |  |  |  |  |
| 210 | Gassa |  |  |  |  |  |  |  |  |  |  |  |  |  |  |  |  |  |  |  |  |  |
| 210 | blueboar's team |  |  |  |  |  |  |  |  |  |  |  |  |  |  |  |  |  |  |  |  |  |
| 210 | Ace_yuki |  |  |  |  |  |  |  |  |  |  |  |  |  |  |  |  |  |  |  |  |  |
| 210 | AAV2024 |  |  |  |  |  |  |  |  |  |  |  |  |  |  |  |  |  |  |  |  |  |
| 210 | The Marauder |  |  |  |  |  |  |  |  |  |  |  |  |  |  |  |  |  |  |  |  |  |
| 210 | 0xValhalla |  |  |  |  |  |  |  |  |  |  |  |  |  |  |  |  |  |  |  |  |  |
| 210 | HCF |  |  |  |  |  |  |  |  |  |  |  |  |  |  |  |  |  |  |  |  |  |
| 210 | Isaac Clarke |  |  |  |  |  |  |  |  |  |  |  |  |  |  |  |  |  |  |  |  |  |
| 210 | KBashist |  |  |  |  |  |  |  |  |  |  |  |  |  |  |  |  |  |  |  |  |  |
| 210 | sad |  |  |  |  |  |  |  |  |  |  |  |  |  |  |  |  |  |  |  |  |  |
| 210 | ush |  |  |  |  |  |  |  |  |  |  |  |  |  |  |  |  |  |  |  |  |  |
| 210 | farwah |  |  |  |  |  |  |  |  |  |  |  |  |  |  |  |  |  |  |  |  |  |
| 210 | Discord doesn't work can we please use email instead kthxbye |  |  |  |  |  |  |  |  |  |  |  |  |  |  |  |  |  |  |  |  |  |
| 210 | Levinski |  |  |  |  |  |  |  |  |  |  |  |  |  |  |  |  |  |  |  |  |  |
| 210 | bscii |  |  |  |  |  |  |  |  |  |  |  |  |  |  |  |  |  |  |  |  |  |
| 210 | ml-brothers |  |  |  |  |  |  |  |  |  |  |  |  |  |  |  |  |  |  |  |  |  |
| 210 | zenito9970 |  |  |  |  |  |  |  |  |  |  |  |  |  |  |  |  |  |  |  |  |  |
| 210 | xyz600 |  |  |  |  |  |  |  |  |  |  |  |  |  |  |  |  |  |  |  |  |  |
| 210 | Stochastic Pretzels |  |  |  |  |  |  |  |  |  |  |  |  |  |  |  |  |  |  |  |  |  |
| 210 | winterfell |  |  |  |  |  |  |  |  |  |  |  |  |  |  |  |  |  |  |  |  |  |
| 210 | Now Loading... |  |  |  |  |  |  |  |  |  |  |  |  |  |  |  |  |  |  |  |  |  |
| 210 | not used |  |  |  |  |  |  |  |  |  |  |  |  |  |  |  |  |  |  |  |  |  |
| 210 | Binary_Three |  |  |  |  |  |  |  |  |  |  |  |  |  |  |  |  |  |  |  |  |  |
| 210 | The Demolishers |  |  |  |  |  |  |  |  |  |  |  |  |  |  |  |  |  |  |  |  |  |
| 210 | @mask |  |  |  |  |  |  |  |  |  |  |  |  |  |  |  |  |  |  |  |  |  |
| 210 | Strength |  |  |  |  |  |  |  |  |  |  |  |  |  |  |  |  |  |  |  |  |  |
| 210 | Vic |  |  |  |  |  |  |  |  |  |  |  |  |  |  |  |  |  |  |  |  |  |
| 210 | leojean890 |  |  |  |  |  |  |  |  |  |  |  |  |  |  |  |  |  |  |  |  |  |
| 210 | Blue Iris |  |  |  |  |  |  |  |  |  |  |  |  |  |  |  |  |  |  |  |  |  |
| 210 | Helicoidal Bytecode |  |  |  |  |  |  |  |  |  |  |  |  |  |  |  |  |  |  |  |  |  |
| 210 | bark but don't bite |  |  |  |  |  |  |  |  |  |  |  |  |  |  |  |  |  |  |  |  |  |
| 210 | spid2007 |  |  |  |  |  |  |  |  |  |  |  |  |  |  |  |  |  |  |  |  |  |
| 210 | past_army |  |  |  |  |  |  |  |  |  |  |  |  |  |  |  |  |  |  |  |  |  |
| 210 | solo_coder |  |  |  |  |  |  |  |  |  |  |  |  |  |  |  |  |  |  |  |  |  |
| 210 | DETOX |  |  |  |  |  |  |  |  |  |  |  |  |  |  |  |  |  |  |  |  |  |
| 210 | uta |  |  |  |  |  |  |  |  |  |  |  |  |  |  |  |  |  |  |  |  |  |
| 210 | Cail_Team |  |  |  |  |  |  |  |  |  |  |  |  |  |  |  |  |  |  |  |  |  |
| 210 | no-team |  |  |  |  |  |  |  |  |  |  |  |  |  |  |  |  |  |  |  |  |  |
| 210 | DEIN |  |  |  |  |  |  |  |  |  |  |  |  |  |  |  |  |  |  |  |  |  |
| 210 | 4eta |  |  |  |  |  |  |  |  |  |  |  |  |  |  |  |  |  |  |  |  |  |
| 210 | xiberfix |  |  |  |  |  |  |  |  |  |  |  |  |  |  |  |  |  |  |  |  |  |
| 210 | poka |  |  |  |  |  |  |  |  |  |  |  |  |  |  |  |  |  |  |  |  |  |
| 210 | samayou_kaede |  |  |  |  |  |  |  |  |  |  |  |  |  |  |  |  |  |  |  |  |  |
| 210 | optima |  |  |  |  |  |  |  |  |  |  |  |  |  |  |  |  |  |  |  |  |  |
| 210 | sushi-gakushi |  |  |  |  |  |  |  |  |  |  |  |  |  |  |  |  |  |  |  |  |  |
| 210 | Cail_Team |  |  |  |  |  |  |  |  |  |  |  |  |  |  |  |  |  |  |  |  |  |
| 210 | Golden Middle |  |  |  |  |  |  |  |  |  |  |  |  |  |  |  |  |  |  |  |  |  |
| 210 | azak |  |  |  |  |  |  |  |  |  |  |  |  |  |  |  |  |  |  |  |  |  |
| 210 | Dyalog hehe |  |  |  |  |  |  |  |  |  |  |  |  |  |  |  |  |  |  |  |  |  |
| 210 | Test |  |  |  |  |  |  |  |  |  |  |  |  |  |  |  |  |  |  |  |  |  |
| 210 | SKL |  |  |  |  |  |  |  |  |  |  |  |  |  |  |  |  |  |  |  |  |  |
| 210 | ilikerice |  |  |  |  |  |  |  |  |  |  |  |  |  |  |  |  |  |  |  |  |  |
| 210 | sanityinc |  |  |  |  |  |  |  |  |  |  |  |  |  |  |  |  |  |  |  |  |  |
| 210 | De Stomme van Campen |  |  |  |  |  |  |  |  |  |  |  |  |  |  |  |  |  |  |  |  |  |
| 210 | ccc |  |  |  |  |  |  |  |  |  |  |  |  |  |  |  |  |  |  |  |  |  |
| 210 | 3GjcVykuxyD82HE |  |  |  |  |  |  |  |  |  |  |  |  |  |  |  |  |  |  |  |  |  |
| 210 | 3b |  |  |  |  |  |  |  |  |  |  |  |  |  |  |  |  |  |  |  |  |  |
| 210 | TurtlePU |  |  |  |  |  |  |  |  |  |  |  |  |  |  |  |  |  |  |  |  |  |
| 210 | awawa |  |  |  |  |  |  |  |  |  |  |  |  |  |  |  |  |  |  |  |  |  |
| 210 | mcpony |  |  |  |  |  |  |  |  |  |  |  |  |  |  |  |  |  |  |  |  |  |
| 210 | not_participating |  |  |  |  |  |  |  |  |  |  |  |  |  |  |  |  |  |  |  |  |  |
| 210 | gummycandy |  |  |  |  |  |  |  |  |  |  |  |  |  |  |  |  |  |  |  |  |  |
| 210 | Golden Middle |  |  |  |  |  |  |  |  |  |  |  |  |  |  |  |  |  |  |  |  |  |
| 210 | Limiting Factor |  |  |  |  |  |  |  |  |  |  |  |  |  |  |  |  |  |  |  |  |  |
| 210 | lotren |  |  |  |  |  |  |  |  |  |  |  |  |  |  |  |  |  |  |  |  |  |
| 210 | ()-age |  |  |  |  |  |  |  |  |  |  |  |  |  |  |  |  |  |  |  |  |  |
| 210 | hk |  |  |  |  |  |  |  |  |  |  |  |  |  |  |  |  |  |  |  |  |  |
| 210 | wheezards |  |  |  |  |  |  |  |  |  |  |  |  |  |  |  |  |  |  |  |  |  |
| 210 | Various slide rules |  |  |  |  |  |  |  |  |  |  |  |  |  |  |  |  |  |  |  |  |  |
| 210 | TBD |  |  |  |  |  |  |  |  |  |  |  |  |  |  |  |  |  |  |  |  |  |
| 210 | yosupo |  |  |  |  |  |  |  |  |  |  |  |  |  |  |  |  |  |  |  |  |  |
| 210 | mmohammadi9812 |  |  |  |  |  |  |  |  |  |  |  |  |  |  |  |  |  |  |  |  |  |
| 210 | TS_TCPC |  |  |  |  |  |  |  |  |  |  |  |  |  |  |  |  |  |  |  |  |  |
| 210 | h4 |  |  |  |  |  |  |  |  |  |  |  |  |  |  |  |  |  |  |  |  |  |
| 210 | Fixed but mostly pointless |  |  |  |  |  |  |  |  |  |  |  |  |  |  |  |  |  |  |  |  |  |
| 210 | Reflex12 |  |  |  |  |  |  |  |  |  |  |  |  |  |  |  |  |  |  |  |  |  |
| 210 | Freddy Pringle |  |  |  |  |  |  |  |  |  |  |  |  |  |  |  |  |  |  |  |  |  |
| 210 | Pi |  |  |  |  |  |  |  |  |  |  |  |  |  |  |  |  |  |  |  |  |  |
| 210 | Typeclass Without Laws |  |  |  |  |  |  |  |  |  |  |  |  |  |  |  |  |  |  |  |  |  |
| 210 | (mistakenly registered) |  |  |  |  |  |  |  |  |  |  |  |  |  |  |  |  |  |  |  |  |  |
| 210 | shukhrat |  |  |  |  |  |  |  |  |  |  |  |  |  |  |  |  |  |  |  |  |  |
| 210 | globalstudent |  |  |  |  |  |  |  |  |  |  |  |  |  |  |  |  |  |  |  |  |  |
| 210 | a |  |  |  |  |  |  |  |  |  |  |  |  |  |  |  |  |  |  |  |  |  |
| 210 | serious |  |  |  |  |  |  |  |  |  |  |  |  |  |  |  |  |  |  |  |  |  |
| 210 | h4rr9 |  |  |  |  |  |  |  |  |  |  |  |  |  |  |  |  |  |  |  |  |  |
| 210 | Scr4peR |  |  |  |  |  |  |  |  |  |  |  |  |  |  |  |  |  |  |  |  |  |
| 210 | cleanlean |  |  |  |  |  |  |  |  |  |  |  |  |  |  |  |  |  |  |  |  |  |
| 210 | elmurod |  |  |  |  |  |  |  |  |  |  |  |  |  |  |  |  |  |  |  |  |  |
| 210 | Aqqrs |  |  |  |  |  |  |  |  |  |  |  |  |  |  |  |  |  |  |  |  |  |
| 210 | speakerteeth |  |  |  |  |  |  |  |  |  |  |  |  |  |  |  |  |  |  |  |  |  |
| 210 | skullgang |  |  |  |  |  |  |  |  |  |  |  |  |  |  |  |  |  |  |  |  |  |
| 210 | kakira |  |  |  |  |  |  |  |  |  |  |  |  |  |  |  |  |  |  |  |  |  |
| 210 | Q |  |  |  |  |  |  |  |  |  |  |  |  |  |  |  |  |  |  |  |  |  |
| 210 | botrevenge |  |  |  |  |  |  |  |  |  |  |  |  |  |  |  |  |  |  |  |  |  |
| 210 | asldev |  |  |  |  |  |  |  |  |  |  |  |  |  |  |  |  |  |  |  |  |  |
| 210 | 7999f27ae4db |  |  |  |  |  |  |  |  |  |  |  |  |  |  |  |  |  |  |  |  |  |
| 210 | ut |  |  |  |  |  |  |  |  |  |  |  |  |  |  |  |  |  |  |  |  |  |
| 210 | wendigogo |  |  |  |  |  |  |  |  |  |  |  |  |  |  |  |  |  |  |  |  |  |
| 210 | dapps |  |  |  |  |  |  |  |  |  |  |  |  |  |  |  |  |  |  |  |  |  |
| 210 | Task Manager (Not Responding) |  |  |  |  |  |  |  |  |  |  |  |  |  |  |  |  |  |  |  |  |  |
| 210 | fantastic-couscous |  |  |  |  |  |  |  |  |  |  |  |  |  |  |  |  |  |  |  |  |  |
| 210 | balonit_bros |  |  |  |  |  |  |  |  |  |  |  |  |  |  |  |  |  |  |  |  |  |
| 210 | fp[uk] |  |  |  |  |  |  |  |  |  |  |  |  |  |  |  |  |  |  |  |  |  |
| 210 | O'zim |  |  |  |  |  |  |  |  |  |  |  |  |  |  |  |  |  |  |  |  |  |
| 210 | a |  |  |  |  |  |  |  |  |  |  |  |  |  |  |  |  |  |  |  |  |  |
| 210 | Quarks |  |  |  |  |  |  |  |  |  |  |  |  |  |  |  |  |  |  |  |  |  |
| 210 | Man with a minivan |  |  |  |  |  |  |  |  |  |  |  |  |  |  |  |  |  |  |  |  |  |
| 210 | wanui |  |  |  |  |  |  |  |  |  |  |  |  |  |  |  |  |  |  |  |  |  |
| 210 | Gobelet |  |  |  |  |  |  |  |  |  |  |  |  |  |  |  |  |  |  |  |  |  |
| 210 | Sigmoid Freud |  |  |  |  |  |  |  |  |  |  |  |  |  |  |  |  |  |  |  |  |  |
| 210 | TerrorBytes |  |  |  |  |  |  |  |  |  |  |  |  |  |  |  |  |  |  |  |  |  |
| 210 | Keksfreunde |  |  |  |  |  |  |  |  |  |  |  |  |  |  |  |  |  |  |  |  |  |
| 210 | tryhard |  |  |  |  |  |  |  |  |  |  |  |  |  |  |  |  |  |  |  |  |  |
| 210 | p-coder |  |  |  |  |  |  |  |  |  |  |  |  |  |  |  |  |  |  |  |  |  |
| 210 | VL |  |  |  |  |  |  |  |  |  |  |  |  |  |  |  |  |  |  |  |  |  |
| 210 | Dysfunction |  |  |  |  |  |  |  |  |  |  |  |  |  |  |  |  |  |  |  |  |  |
| 210 | TerrorBytes |  |  |  |  |  |  |  |  |  |  |  |  |  |  |  |  |  |  |  |  |  |
| 210 | GeriatricCoder |  |  |  |  |  |  |  |  |  |  |  |  |  |  |  |  |  |  |  |  |  |
| 210 | xmtpj |  |  |  |  |  |  |  |  |  |  |  |  |  |  |  |  |  |  |  |  |  |
| 210 | suicide |  |  |  |  |  |  |  |  |  |  |  |  |  |  |  |  |  |  |  |  |  |
| 210 | XLERB |  |  |  |  |  |  |  |  |  |  |  |  |  |  |  |  |  |  |  |  |  |
| 210 | Hacksell |  |  |  |  |  |  |  |  |  |  |  |  |  |  |  |  |  |  |  |  |  |
| 210 | Lian Yu |  |  |  |  |  |  |  |  |  |  |  |  |  |  |  |  |  |  |  |  |  |
| 210 | Canivsar |  |  |  |  |  |  |  |  |  |  |  |  |  |  |  |  |  |  |  |  |  |
| 210 | wolfadex |  |  |  |  |  |  |  |  |  |  |  |  |  |  |  |  |  |  |  |  |  |
| 210 | matmis |  |  |  |  |  |  |  |  |  |  |  |  |  |  |  |  |  |  |  |  |  |
| 210 | EvbCFfp1XB |  |  |  |  |  |  |  |  |  |  |  |  |  |  |  |  |  |  |  |  |  |
| 210 | SomeTeam |  |  |  |  |  |  |  |  |  |  |  |  |  |  |  |  |  |  |  |  |  |
| 210 | TeamTeam |  |  |  |  |  |  |  |  |  |  |  |  |  |  |  |  |  |  |  |  |  |
| 210 | Snowbot Brigade |  |  |  |  |  |  |  |  |  |  |  |  |  |  |  |  |  |  |  |  |  |
| 210 | Rasengan |  |  |  |  |  |  |  |  |  |  |  |  |  |  |  |  |  |  |  |  |  |
| 210 | JumpingJaguar |  |  |  |  |  |  |  |  |  |  |  |  |  |  |  |  |  |  |  |  |  |
| 210 | scanhex |  |  |  |  |  |  |  |  |  |  |  |  |  |  |  |  |  |  |  |  |  |
| 210 | tsickle |  |  |  |  |  |  |  |  |  |  |  |  |  |  |  |  |  |  |  |  |  |
| 210 | Flat Earth Society - Jovian Chapter |  |  |  |  |  |  |  |  |  |  |  |  |  |  |  |  |  |  |  |  |  |
| 210 | dfyz |  |  |  |  |  |  |  |  |  |  |  |  |  |  |  |  |  |  |  |  |  |
| 210 | woo hou feng |  |  |  |  |  |  |  |  |  |  |  |  |  |  |  |  |  |  |  |  |  |
| 210 | Zarief's Team |  |  |  |  |  |  |  |  |  |  |  |  |  |  |  |  |  |  |  |  |  |
| 210 | LILik |  |  |  |  |  |  |  |  |  |  |  |  |  |  |  |  |  |  |  |  |  |
| 210 | Nicolas van Kempen |  |  |  |  |  |  |  |  |  |  |  |  |  |  |  |  |  |  |  |  |  |
| 210 | Heklers @ < 16% |  |  |  |  |  |  |  |  |  |  |  |  |  |  |  |  |  |  |  |  |  |
| 210 | Willie_the_Westie |  |  |  |  |  |  |  |  |  |  |  |  |  |  |  |  |  |  |  |  |  |
| 210 | Bowlerinas |  |  |  |  |  |  |  |  |  |  |  |  |  |  |  |  |  |  |  |  |  |
| 210 | nyiyui |  |  |  |  |  |  |  |  |  |  |  |  |  |  |  |  |  |  |  |  |  |
| 210 | miniBill |  |  |  |  |  |  |  |  |  |  |  |  |  |  |  |  |  |  |  |  |  |
| 210 | ishmeal |  |  |  |  |  |  |  |  |  |  |  |  |  |  |  |  |  |  |  |  |  |
| 210 | seiyakyokai |  |  |  |  |  |  |  |  |  |  |  |  |  |  |  |  |  |  |  |  |  |
| 210 | Crownfall Crew |  |  |  |  |  |  |  |  |  |  |  |  |  |  |  |  |  |  |  |  |  |
| 210 | Endoscopic |  |  |  |  |  |  |  |  |  |  |  |  |  |  |  |  |  |  |  |  |  |
| 210 | Docet Omnia |  |  |  |  |  |  |  |  |  |  |  |  |  |  |  |  |  |  |  |  |  |
| 210 | The Higher Order Of Zeuxis |  |  |  |  |  |  |  |  |  |  |  |  |  |  |  |  |  |  |  |  |  |
| 210 | theta |  |  |  |  |  |  |  |  |  |  |  |  |  |  |  |  |  |  |  |  |  |
| 210 | g7r |  |  |  |  |  |  |  |  |  |  |  |  |  |  |  |  |  |  |  |  |  |
| 210 | tryers |  |  |  |  |  |  |  |  |  |  |  |  |  |  |  |  |  |  |  |  |  |
| 210 | devai |  |  |  |  |  |  |  |  |  |  |  |  |  |  |  |  |  |  |  |  |  |
| 210 | ?? |  |  |  |  |  |  |  |  |  |  |  |  |  |  |  |  |  |  |  |  |  |
| 210 | cyberecho |  |  |  |  |  |  |  |  |  |  |  |  |  |  |  |  |  |  |  |  |  |
| 210 | max-theht-xam |  |  |  |  |  |  |  |  |  |  |  |  |  |  |  |  |  |  |  |  |  |
| 210 | Sha90w |  |  |  |  |  |  |  |  |  |  |  |  |  |  |  |  |  |  |  |  |  |
| 210 | Nt4fVr8KeE2na3m |  |  |  |  |  |  |  |  |  |  |  |  |  |  |  |  |  |  |  |  |  |
| 210 | p-coder |  |  |  |  |  |  |  |  |  |  |  |  |  |  |  |  |  |  |  |  |  |
| 210 | team |  |  |  |  |  |  |  |  |  |  |  |  |  |  |  |  |  |  |  |  |  |
| 210 | mistake |  |  |  |  |  |  |  |  |  |  |  |  |  |  |  |  |  |  |  |  |  |
| 210 | Briareos |  |  |  |  |  |  |  |  |  |  |  |  |  |  |  |  |  |  |  |  |  |
| 210 | Tetromino |  |  |  |  |  |  |  |  |  |  |  |  |  |  |  |  |  |  |  |  |  |
| 210 | Nolan |  |  |  |  |  |  |  |  |  |  |  |  |  |  |  |  |  |  |  |  |  |
| 210 | YbB |  |  |  |  |  |  |  |  |  |  |  |  |  |  |  |  |  |  |  |  |  |
| 210 | gdb |  |  |  |  |  |  |  |  |  |  |  |  |  |  |  |  |  |  |  |  |  |
| 210 | szn |  |  |  |  |  |  |  |  |  |  |  |  |  |  |  |  |  |  |  |  |  |

You scored some points for looking at the scoreboard!

